Tempo Gerar Solucao Inicial: 0.045774221420288086
Custo inicial 8965
8965
8436
7995
7995
7418
7418
6956
6444
6444
6444
6444
6444
6444
6398
6048
6048
5803
5803
5658
5388
5236
5236
5170
5170
5170
5170
5170
5067
5046
5046
5046
5046
5046
5046
5046
5046
5046
4988
4988
4988
4904
4904
4760
4743
4743
4743
4743
4743
4743
4743
4743
4743
4743
4729
4729
4729
4565
4565
4565
4565
4565
4505
4505
4505
4505
4505
4505
4505
4505
4505
4505
4505
4505
4505
4505
4505
4505
4505
4505
4505
4505
4505
4505
4505
4505
4505
4505
4505
4505
4505
4505
4505
4505
4505
4505
4505
4505
4505
4505
4505
4505
4505
4381
4381
4381
4381
4381
4381
4381
4381
4381
4381
4381
4381
4381
4381
4381
4381
4381
4381
4381
4381
4381
4381
4381
4381
4381
4381
4381
4381
4381
4381
4381
4381
4381
4381
4381
4381
4381
4381
4381
4381
4381
4381
4381
4381
4381
4381
4381
4381
4381
4381
4381
4381
4381
4381
4177
4177
4177
4085
4085
4085
4085
4085
4085
4085
4085
4085
4085
4085
4085
4085
4004
4004
4004
4004
4004
4004
4004
4004
4004
4004
4004
4004
4004
4004
4004
3988
3988
3988
3988
3988
3988
3988
3988
3988
3988
3988
3988
3988
3988
3988
3988
3988
3988
3988
3988
3988
3988
3988
3988
3988
3988
3988
3988
3988
3988
3988
3988
3988
3988
3988
3988
3988
3988
3988
3988
3988
3988
3988
3988
3988
3988
3988
3988
3988
3988
3988
3988
3988
3988
3988
3988
3988
3988
3988
3988
3988
3988
3988
3918
3813
3813
3813
3813
3813
3813
3813
3813
3813
3813
3813
3813
3813
3813
3813
3813
3813
3813
3813
3813
3813
3813
3813
3813
3756
3756
3701
3701
3701
3701
3701
3701
3701
3701
3701
3701
3701
3701
3701
3701
3701
3701
3701
3701
3701
3701
3701
3701
3701
3701
3701
3701
3701
3701
3701
3701
3701
3701
3701
3701
3701
3701
3701
3701
3701
3701
3701
3701
3701
3701
3701
3701
3701
3701
3701
3701
3701
3701
3701
3701
3701
3701
3701
3701
3701
3701
3701
3701
3701
3701
3701
3701
3701
3701
3701
3701
3701
3701
3701
3701
3701
3701
3701
3701
3701
3701
3701
3701
3701
3701
3701
3701
3701
3701
3701
3701
3701
3701
3701
3701
3701
3701
3593
3593
3593
3593
3593
3593
3593
3593
3593
3593
3593
3593
3593
3593
3593
3593
3593
3593
3593
3593
3593
3593
3593
3593
3593
3593
3593
3593
3593
3593
3593
3593
3593
3593
3593
3593
3578
3578
3405
3405
3405
3405
3405
3405
3405
3405
3405
3405
3405
3405
3405
3405
3405
3405
3405
3405
3405
3405
3405
3405
3405
3405
3405
3404
3404
3404
3404
3404
3404
3404
3404
3404
3404
3404
3404
3404
3288
3288
3288
3288
3288
3288
3288
3288
3288
3288
3288
3288
3288
3288
3288
3288
3288
3288
3288
3288
3288
3288
3288
3288
3288
3288
3288
3288
3288
3288
3288
3288
3288
3288
3288
3288
3288
3288
3288
3288
3288
3288
3288
3288
3288
3288
3288
3288
3288
3288
3288
3288
3288
3288
3288
3288
3288
3288
3288
3288
3288
3288
3288
3288
3288
3288
3288
3288
3288
3288
3288
3288
3288
3288
3288
3288
3288
3288
3288
3288
3288
3288
3288
3288
3288
3288
3288
3288
3288
3288
3288
3288
3288
3288
3288
3288
3288
3288
3288
3288
3288
3288
3288
3288
3288
3288
3288
3288
3288
3288
3288
3288
3288
3288
3288
3288
3288
3288
3288
3288
3288
3288
3288
3288
3288
3288
3288
3288
3288
3288
3288
3288
3288
3288
3288
3288
3288
3288
3288
3288
3288
3288
3288
3288
3288
3288
3288
3288
3288
3288
3288
3288
3288
3288
3288
3288
3288
3288
3288
3288
3288
3288
3288
3195
3195
3195
3114
3114
3114
3114
3114
3114
3114
3114
3114
3114
3114
3114
3114
3114
3114
3114
3114
3114
3114
3114
3114
3114
3114
3114
3114
3114
3114
3114
3114
3114
3114
3114
3114
3114
3114
3114
3114
3114
3114
3114
3114
3114
3114
3114
3114
3114
3114
3114
3114
3114
3114
3114
3114
3114
3114
3114
3114
3114
3114
3114
3114
3114
3114
3114
3114
3114
3114
3114
3114
3114
3114
3114
3114
3114
3114
3114
3114
3114
3114
3114
3114
3114
3114
3114
3114
3114
3114
3114
3114
3114
3114
3114
3114
3114
3114
3114
3114
3114
3114
3114
3114
3114
3114
3114
3114
3114
3114
3114
3114
3114
3114
3114
3114
3114
3114
3114
3114
3114
3114
3114
3114
3114
3114
3114
3114
3114
3114
3114
3114
3114
3114
3096
3096
3096
3096
3096
3096
3096
3096
3096
3096
3096
3096
3096
3096
3096
3096
3096
3096
3096
3096
3096
3096
3096
3096
3096
3096
3096
3096
3096
3096
3096
3096
3096
3096
3096
3096
3096
3096
3096
3096
3096
3096
3096
3096
3096
3096
3096
3096
3096
3096
3096
3096
3096
3096
3096
3096
3096
3096
3096
3096
3074
3074
3074
3074
3074
3074
3074
3074
3074
3074
3074
3074
3074
3074
3074
3074
3074
3074
3074
3074
3074
3074
3074
3074
3074
3074
3074
3074
3074
3074
3074
3074
3074
3074
3074
3074
3074
3074
3074
3074
3074
3074
3074
3074
3074
3074
3074
3074
3074
3074
3074
3074
3074
3074
3074
3074
3074
3074
3074
3074
3074
3074
3074
3074
3074
3074
3074
3074
3074
3074
3074
3074
3074
3074
3074
3074
3074
3074
3074
3074
3074
3074
3074
3074
3074
3074
3074
3074
3074
3074
3074
3074
3074
3074
3074
3074
3074
3074
3074
3074
3074
3074
3074
3074
3074
3074
3074
3074
3074
3074
3074
3074
3074
3074
3074
3074
3074
3074
3074
3074
3074
3074
3074
3074
3074
3074
3074
3074
3074
3074
3074
3074
3074
3074
3074
3074
3074
3074
3074
3074
3074
3074
3074
3074
3074
3074
3074
3074
3074
3074
3074
3074
3074
3074
3074
3074
3074
3074
3074
3074
3074
3074
3074
3074
3074
3074
3074
3074
3074
3074
3074
3074
3074
3074
3074
3074
3074
3074
3074
3074
3074
3074
3074
3074
3074
3074
3074
3074
3074
3074
3074
3074
3074
3074
3074
3074
3074
3074
3074
3074
3074
3074
3074
3074
3074
3074
3074
3074
3074
3074
3074
3057
3057
3057
3057
3057
3057
3057
3057
3057
3057
3057
3057
3057
3057
3057
3057
3057
3057
3057
3057
3057
3057
3057
3057
3057
3057
3057
3057
3057
3057
3057
3057
3057
3057
3057
3057
3057
3057
3057
3057
3057
3057
3057
3057
3057
3057
3057
3057
3057
3057
3057
3057
3057
3057
3057
3057
3057
3057
3057
3057
3057
3057
3057
3057
3057
3057
3057
3057
3057
3057
3057
3057
3057
3057
3057
3057
3057
3057
3057
3057
3057
3057
3057
3057
3057
3057
3057
3057
3057
3057
3057
3057
3057
3057
3057
3057
3057
3057
3057
3057
3057
3057
3057
3057
3057
3057
3057
3057
3057
3057
3057
3057
3057
3057
3057
3057
3057
3057
3057
3057
3057
3057
3057
3057
3057
3057
3057
3057
3057
3057
3057
3057
3057
3057
3057
3057
3057
3057
3057
3057
3057
3057
3057
3057
3057
3057
3057
3057
3057
3057
3057
3057
3057
3057
3057
3057
3057
3057
3057
3057
3057
3057
3057
3057
3057
3057
3057
3057
3057
3057
3057
3057
3057
3057
3057
3057
3057
3057
3057
3057
3057
3057
3057
3057
3057
3057
3057
3057
3057
3057
3057
3057
3057
3057
3057
3057
3057
3057
3057
3057
3057
3057
3057
3057
3057
3057
3057
3057
3057
3057
3057
3057
3057
3057
3057
3057
3057
3057
3057
3057
3057
3057
3057
3057
3057
3057
3057
3057
3057
3057
3057
3057
3057
3057
3057
3057
3057
3057
3057
3057
3057
3057
3057
3057
3057
3057
3057
3057
3057
3057
3057
3057
3057
3057
3057
3057
3057
3057
3057
3057
3057
3057
3057
3057
3057
3057
3057
3057
3057
3057
3057
3057
3057
3057
3057
3057
3057
3057
3057
3057
3057
3057
3057
3057
3057
3057
3057
3057
3057
3057
3057
3057
3057
3057
3057
3057
3057
3057
3057
3057
3057
3057
3057
3057
3057
3057
3057
3057
3057
3057
3057
3057
3057
3057
3057
3057
3057
3057
3057
3057
3057
3057
3057
3057
3057
3057
3057
3057
3057
3057
3057
3057
3057
3057
3057
3057
3057
3057
3057
3057
3057
3057
3057
3057
3057
3057
3057
3057
3057
3057
3057
3057
3057
3057
3057
3057
3057
3057
3057
3057
3057
3057
3057
3057
3057
3057
3057
3057
3057
3057
3057
3057
3057
3057
3057
3057
3057
3057
3057
3057
3057
3057
3057
3057
3057
3057
3057
3057
3057
3057
3057
3057
3057
3057
3057
3057
3057
3057
3057
3057
3057
3057
3057
3057
3057
3057
3057
3057
3057
3057
3057
3057
3057
3057
3057
3057
3057
3057
3057
3057
3057
3057
3057
3057
3057
3057
3057
3057
3057
3057
3057
3057
3057
3057
3057
3057
3057
3057
3057
3057
3057
3057
3057
3057
3057
3057
3057
3057
3057
3057
3057
3057
3057
3057
3057
3057
3057
3057
3057
3057
3057
3057
3057
3057
3057
3057
3057
3057
3057
3057
3057
3057
3057
3057
3057
3057
3057
3057
3057
3057
3057
3057
3057
3057
3057
3057
3057
3057
3057
3057
3057
3057
3057
3057
3057
3057
3057
3057
3057
3057
3057
3057
3057
3057
3057
3057
3057
3057
3057
3057
3057
3057
3057
3057
3057
3057
3057
3057
3057
3057
3057
3057
3057
3057
3057
3057
3057
3057
3057
3057
3057
3057
3057
3057
3057
3057
3057
3057
3057
3057
3057
3057
3057
3057
3057
3057
3057
3057
3057
3057
3057
3057
3057
3057
3057
3057
3057
3057
3057
3057
3057
3057
3057
3057
3057
3057
3057
3057
3057
3057
3057
3057
3057
3057
3057
3057
3057
3057
3057
3057
3057
3057
3057
3057
3057
3057
3057
3057
3057
3057
3057
3057
3057
3057
3057
3057
3057
3057
3057
3057
3057
3057
3057
3057
3057
3057
3057
3057
3057
3057
3057
3057
3057
3057
3057
3057
3057
3057
3057
3057
3057
3057
3057
3057
3057
3057
3057
3057
3057
3057
3057
3057
3057
3057
3057
3057
3057
3057
3057
3057
3057
3057
3057
3057
3057
3057
3057
3057
3057
3057
3057
3057
3057
3057
3057
3057
3057
3057
3057
3057
3057
3057
3057
3057
3057
3057
3057
3057
3057
3057
3057
3057
3057
3057
3057
3057
3057
3057
3057
3057
3057
3057
3057
3057
3057
3057
3057
3057
3057
3057
3057
3057
3057
3057
3057
3057
3057
3057
3057
3057
3057
3057
3057
3057
3057
3057
3057
3057
3057
3057
3057
3057
3057
3057
3057
3057
3057
3057
3057
3057
3057
3057
3057
3057
3057
3057
3057
3057
3057
3057
3057
3057
3057
3057
3057
3057
3057
3057
3057
3057
3057
3057
3057
3057
3057
3057
3057
3057
3057
3057
3057
3057
3057
3057
3057
3057
3057
3057
3057
3057
3057
3057
3057
3057
3057
3057
3057
3057
3057
3057
3057
3057
3057
3057
3057
3057
3057
3057
3057
3057
3057
3057
3057
3057
3057
3057
3057
3057
3057
3057
3057
3057
3057
3057
3057
3057
3057
3057
3057
3057
3057
3057
3057
3057
3057
3057
3057
3057
3057
3057
3057
3057
3057
3057
3057
3057
3057
3057
3057
3057
3057
3057
3057
3057
3057
3057
3057
3057
3057
3057
3057
3057
3057
3057
3057
3057
3057
3057
3057
3057
3057
3057
3057
3057
3057
3057
3057
3057
3057
3057
3057
3057
3057
3057
3057
3057
3057
3057
3057
3057
3057
3057
3057
3057
3057
3057
3057
3057
3057
3057
3057
3057
3057
3057
3057
3057
3057
3057
3057
3057
3057
3057
3057
3057
3057
3057
3057
3057
3057
3057
3057
3057
3057
3057
3057
3057
3057
3057
3057
3057
3057
3057
3057
3057
3057
3057
3057
3057
3057
3057
3057
3057
3057
3057
3057
3057
3057
3057
3057
3057
3057
3057
3057
3057
3057
3057
3057
3057
3057
3057
3057
3057
3057
3057
3057
3057
3057
3057
3057
3057
3057
3057
3057
3057
3057
3057
3057
3057
3057
3057
3057
3057
3057
3057
3057
3057
3057
3057
3057
3057
3057
3057
3057
3057
3057
3057
3057
3057
3057
3057
3057
3057
3057
3057
3057
3057
3057
3057
3057
3057
3057
3057
3057
3057
3057
3057
3057
3057
3057
3057
3057
3057
3057
3057
3057
3057
3057
3057
3057
3057
3057
3057
3057
3057
3057
3057
3057
3057
3057
3057
3057
3057
3057
3057
3057
3057
3057
3057
3057
3057
3057
3057
3057
3057
3057
3057
3057
3057
3057
3057
3057
3057
3057
3057
3057
3057
3057
3057
3057
3057
3057
3057
3057
3057
3057
3057
3057
3057
3057
3057
3057
3057
3057
3057
3057
3057
3057
3057
3057
3057
3057
3057
3057
3057
3057
3057
3057
3057
3057
3057
3057
3057
3057
3057
3057
3057
3057
3057
3057
3057
3057
3057
3057
3057
3057
3057
3057
3057
3057
3057
3057
3057
3057
3057
3057
3057
3057
3057
3057
3057
3057
3057
3057
3057
3057
3057
3057
3057
3057
3057
3057
3057
3057
3057
3057
3057
3057
3057
3057
3057
3057
3057
3057
3057
3057
3057
3057
3057
3057
3057
3057
3057
3057
3057
3057
3057
3057
3057
3057
3057
3057
3057
3057
3057
3057
3057
3057
3057
3057
3057
3057
3057
3057
3057
3057
3057
3057
3057
3057
3057
3057
3057
3057
3057
3057
3057
3057
3057
3057
3057
3057
3057
3057
3057
3057
3057
3057
3057
3057
3057
3057
3057
3057
3057
3057
3057
3057
3057
3057
3057
3057
3057
3057
3057
3057
3057
3057
3057
3057
3057
3057
3057
3057
3057
3057
3057
3057
3057
3057
3057
3057
3057
3057
3057
3057
3057
3057
3057
3057
3057
3057
3057
3057
3057
3057
3057
3057
3057
3057
3057
3057
3057
3057
3057
3057
3057
3057
3057
3057
3057
3057
3057
3057
3057
3057
3057
3057
3057
3057
3057
3057
3057
3057
3057
3057
3057
3057
3057
3057
3057
3057
3057
3057
3057
3057
3057
3057
3057
3057
3057
3057
3057
3057
3057
3057
3057
3057
3057
3057
3057
3057
3057
3057
3057
3057
3057
3057
3057
3057
3057
3057
3057
3057
3057
3057
3057
3057
3057
3057
3057
3057
3057
3057
3057
3057
3057
3057
3057
3057
3057
3057
3057
3057
3057
3057
3057
3057
3057
3057
3057
3057
3057
3057
3057
3057
3057
3057
3057
3057
3057
3057
3057
3057
3057
3057
3057
3057
3057
3057
3057
3057
3057
3057
3057
3057
3057
3057
3057
3057
3057
3057
3057
3057
3057
3057
3057
3057
3057
3057
3057
3057
3057
3057
3057
3057
3057
3057
3057
3057
3057
3057
3057
3057
3057
3057
3057
3057
3057
3057
3057
3057
3057
3057
3057
3057
3057
3057
3057
3057
3057
3057
3057
3057
3057
3057
3057
3057
3057
3057
3057
3057
3057
3057
3057
3057
3057
3057
3057
3057
3057
3057
3057
3057
3057
3057
3057
3057
3057
3057
3057
3057
3057
3057
3057
3057
3057
3057
3057
3057
3057
3057
3057
3057
3057
3057
3057
3057
3057
3057
3057
3057
3057
3057
3057
3057
3057
3057
3057
3057
3057
3057
3057
3057
3057
3057
3057
3057
3057
3057
3057
3057
3057
3057
3057
3057
3057
3057
3057
3057
3057
3057
3057
3057
3057
3057
3057
3057
3057
3057
3057
3057
3057
3057
3057
3057
3057
3057
3057
3057
3057
3057
3057
3057
3057
3057
3057
3057
3057
3057
3057
3057
3057
3057
3057
3057
3057
3057
3057
3057
3057
3057
3057
3057
3057
3057
3057
3057
3057
3057
3057
3057
3057
3057
3057
3057
3057
3057
3057
3057
3057
3057
3057
3057
3057
3057
3057
3057
3057
3057
3057
3057
3057
3057
3057
3057
3057
3057
3057
3057
3057
3057
3057
3057
3057
3057
3057
3057
3057
3057
3057
3057
3057
3057
3057
3057
3057
3057
3057
3057
3057
3057
3057
3057
3057
3057
3057
3057
3057
3057
3057
3057
3057
3057
3057
3057
3057
3057
3057
3057
3057
3057
3057
3057
3057
3057
3057
3057
3057
3057
3057
3057
3057
3057
3057
3057
3057
3057
3057
3057
3057
3057
3057
3057
3057
3057
3057
3057
3057
3057
3057
3057
3057
3057
3057
3057
3057
3057
3057
3057
3057
3057
3057
3057
3057
3057
3057
3057
3057
3057
3057
3057
3057
3057
3057
3057
3057
3057
3057
3057
3057
3057
3057
3057
3057
3057
3057
3057
3057
3057
3057
3057
3057
3057
3057
3057
3057
3057
3057
3057
3057
3057
3057
3057
3057
3057
3057
3057
3057
3057
3057
3057
3057
3057
3057
3057
3057
3057
3057
3057
3057
3057
3057
3057
3057
3057
3057
3057
3057
3057
3057
3057
3057
3057
3057
3057
3057
3057
3057
3057
3057
3057
3057
3057
3057
3057
3057
3057
3057
3057
3057
3057
3057
3057
3057
3057
3057
3057
3057
3057
3057
3057
3057
3057
3057
3057
3057
3057
3057
3057
3057
3057
3057
3057
3057
3057
3057
3057
3057
3057
3057
3056
3056
3056
3056
3056
3056
3056
3056
3056
3056
3056
3056
3056
3056
3056
3056
3056
3056
3056
3056
3056
3056
3056
3056
3056
3056
3056
3056
3056
3056
3056
3056
3056
3056
3056
3056
3056
3056
3056
3056
3056
3056
3056
3056
3056
3056
3056
3056
3056
3056
3056
3056
3056
3056
3056
3056
3056
3056
3056
3056
3056
3056
3056
3056
3056
3056
3056
3056
3056
3056
3056
3056
3056
3056
3056
3056
3056
3056
3056
3056
3056
3056
3056
3056
3056
3056
3056
3056
3056
3056
3056
3056
3056
3056
3056
3056
3056
3056
3056
3056
3056
3056
3056
3056
3056
3056
3056
3056
3056
3056
3056
3056
3056
3056
3056
3056
3056
3056
3056
3056
3056
3056
3056
3056
3056
3056
3056
3056
3056
3056
3056
3056
3056
3056
3056
3056
3056
3056
3056
3056
3056
3056
3056
3056
3056
3056
3056
3056
3056
3056
3056
3056
3056
3056
3056
3056
3056
3056
3056
3056
3056
3056
3056
3056
3056
3056
2992
2992
2992
2992
2992
2992
2992
2992
2992
2992
2992
2992
2992
2992
2992
2992
2992
2992
2992
2992
2992
2992
2992
2992
2992
2992
2992
2992
2992
2992
2992
2992
2992
2992
2992
2992
2992
2992
2992
2992
2992
2992
2992
2992
2992
2992
2992
2992
2992
2992
2992
2992
2992
2992
2992
2992
2992
2992
2992
2992
2992
2992
2992
2992
2992
2992
2992
2992
2992
2992
2992
2992
2992
2992
2992
2992
2992
2992
2992
2992
2992
2992
2992
2992
2992
2992
2992
2992
2992
2992
2992
2992
2992
2992
2992
2992
2992
2992
2992
2992
2992
2992
2992
2992
2992
2992
2992
2992
2992
2992
2992
2992
2992
2992
2992
2992
2992
2992
2992
2992
2992
2992
2992
2992
2992
2894
2894
2894
2894
2894
2894
2894
2894
2894
2894
2894
2894
2894
2894
2894
2894
2894
2894
2894
2894
2894
2894
2894
2894
2894
2894
2894
2894
2894
2894
2894
2894
2894
2894
2894
2894
2894
2894
2894
2894
2894
2894
2894
2894
2894
2894
2894
2894
2894
2894
2894
2894
2894
2894
2894
2894
2894
2894
2894
2894
2894
2894
2894
2894
2894
2894
2894
2894
2894
2894
2894
2894
2894
2894
2894
2894
2894
2894
2894
2894
2894
2894
2894
2894
2894
2894
2894
2894
2894
2894
2894
2894
2894
2894
2894
2894
2894
2894
2894
2894
2894
2894
2894
2894
2894
2894
2894
2894
2894
2894
2894
2894
2894
2894
2894
2894
2894
2894
2894
2894
2894
2894
2894
2894
2894
2894
2894
2894
2894
2894
2894
2894
2894
2894
2824
2824
2824
2824
2824
2824
2824
2824
2824
2824
2824
2824
2824
2824
2824
2824
2824
2824
2824
2824
2824
2824
2824
2824
2824
2824
2824
2824
2824
2824
2824
2824
2824
2824
2824
2824
2824
2824
2824
2824
2824
2824
2824
2824
2824
2824
2824
2824
2824
2824
2824
2824
2824
2824
2824
2824
2824
2824
2824
2824
2824
2824
2824
2824
2824
2824
2824
2824
2824
2824
2824
2824
2824
2824
2824
2824
2824
2824
2824
2824
2824
2824
2824
2824
2824
2824
2824
2824
2824
2824
2824
2824
2824
2824
2824
2824
2824
2824
2824
2824
2824
2824
2824
2824
2824
2824
2824
2824
2824
2824
2824
2824
2824
2824
2824
2824
2824
2824
2824
2824
2824
2824
2824
2824
2824
2824
2824
2824
2824
2824
2824
2824
2824
2824
2824
2824
2824
2824
2824
2824
2824
2824
2824
2824
2824
2824
2824
2824
2824
2824
2824
2824
2824
2824
2824
2824
2824
2824
2824
2824
2767
2767
2767
2767
2767
2767
2767
2767
2767
2767
2767
2767
2767
2767
2767
2767
2767
2767
2767
2767
2767
2767
2767
2767
2767
2767
2767
2767
2767
2767
2767
2767
2767
2767
2767
2767
2767
2767
2767
2767
2767
2767
2767
2767
2767
2767
2767
2767
2767
2767
2767
2767
2767
2767
2767
2767
2767
2767
2767
2767
2767
2767
2767
2767
2767
2767
2767
2767
2767
2767
2767
2767
2767
2767
2767
2767
2767
2767
2767
2767
2767
2767
2767
2767
2767
2767
2767
2767
2767
2767
2767
2767
2767
2767
2767
2767
2767
2767
2767
2767
2767
2767
2767
2767
2767
2767
2767
2767
2767
2767
2767
2767
2767
2767
2767
2767
2767
2767
2767
2767
2767
2767
2767
2767
2767
2767
2767
2767
2767
2767
2767
2767
2767
2767
2767
2767
2767
2767
2767
2767
2767
2767
2767
2767
2767
2767
2767
2767
2767
2767
2767
2767
2767
2767
2767
2767
2767
2767
2767
2767
2767
2767
2767
2767
2767
2767
2767
2767
2767
2767
2767
2767
2767
2767
2767
2767
2767
2767
2767
2767
2767
2767
2646
2646
2646
2646
2646
2646
2646
2646
2646
2646
2646
2646
2646
2646
2646
2646
2646
2646
2646
2646
2646
2646
2646
2646
2646
2646
2646
2646
2646
2646
2646
2646
2646
2646
2646
2646
2646
2646
2646
2646
2646
2646
2646
2646
2646
2646
2646
2646
2646
2646
2646
2646
2646
2646
2646
2646
2646
2646
2646
2646
2646
2646
2646
2646
2646
2646
2646
2646
2646
2646
2646
2646
2646
2646
2646
2646
2646
2646
2646
2646
2646
2646
2646
2646
2646
2646
2646
2646
2646
2646
2646
2646
2646
2646
2646
2646
2646
2646
2646
2646
2646
2646
2646
2646
2646
2646
2646
2646
2646
2646
2646
2646
2646
2646
2646
2646
2646
2646
2646
2646
2646
2646
2646
2646
2646
2646
2646
2646
2646
2646
2646
2646
2646
2646
2646
2646
2646
2646
2646
2646
2646
2646
2646
2646
2646
2646
2646
2646
2646
2646
2646
2646
2646
2646
2646
2646
2646
2646
2646
2646
2646
2646
2646
2646
2646
2646
2646
2646
2646
2646
2646
2646
2646
2646
2646
2646
2646
2646
2646
2646
2646
2646
2646
2646
2646
2646
2646
2646
2646
2646
2646
2646
2646
2646
2646
2646
2646
2646
2646
2646
2646
2646
2646
2646
2646
2646
2646
2646
2646
2646
2646
2646
2646
2646
2646
2646
2646
2646
2646
2646
2646
2646
2646
2646
2646
2646
2646
2646
2646
2646
2646
2646
2646
2646
2646
2646
2646
2646
2646
2646
2646
2646
2646
2646
2646
2646
2646
2646
2646
2646
2646
2646
2646
2646
2646
2646
2646
2646
2646
2646
2646
2646
2646
2646
2646
2646
2646
2646
2646
2646
2646
2646
2646
2646
2646
2646
2646
2646
2646
2646
2646
2646
2646
2646
2646
2646
2646
2646
2646
2646
2646
2646
2646
2646
2646
2646
2646
2646
2646
2646
2646
2646
2646
2646
2646
2646
2646
2646
2646
2646
2646
2646
2646
2646
2646
2646
2646
2646
2646
2646
2646
2646
2646
2646
2646
2646
2646
2646
2646
2646
2646
2646
2646
2646
2646
2646
2646
2646
2646
2646
2646
2646
2646
2646
2646
2646
2646
2646
2646
2646
2646
2646
2646
2646
2646
2646
2646
2646
2646
2646
2646
2646
2646
2646
2646
2646
2646
2646
2646
2646
2646
2646
2646
2646
2646
2646
2646
2646
2646
2646
2646
2646
2646
2646
2646
2646
2646
2646
2646
2646
2646
2646
2646
2646
2646
2646
2646
2646
2646
2646
2646
2646
2646
2646
2646
2646
2646
2646
2646
2646
2646
2646
2646
2646
2646
2646
2646
2646
2646
2646
2646
2646
2646
2646
2646
2646
2646
2646
2646
2646
2646
2646
2646
2646
2646
2646
2646
2567
2567
2567
2567
2567
2567
2567
2567
2567
2567
2567
2567
2567
2567
2567
2567
2567
2567
2567
2567
2567
2567
2567
2567
2567
2567
2567
2567
2567
2567
2567
2567
2567
2567
2567
2567
2567
2567
2567
2567
2567
2567
2567
2567
2567
2567
2567
2567
2567
2567
2567
2567
2567
2567
2567
2567
2567
2567
2567
2567
2567
2567
2567
2567
2567
2567
2567
2567
2567
2567
2567
2567
2567
2567
2567
2567
2567
2567
2567
2567
2567
2567
2567
2567
2567
2567
2567
2567
2567
2567
2567
2567
2567
2567
2567
2567
2567
2567
2567
2567
2567
2567
2567
2567
2567
2567
2567
2567
2567
2567
2567
2567
2567
2567
2567
2567
2567
2567
2567
2567
2567
2567
2567
2567
2567
2567
2567
2567
2567
2567
2567
2567
2567
2567
2567
2567
2567
2567
2567
2567
2567
2567
2567
2567
2567
2567
2567
2567
2567
2567
2567
2567
2567
2567
2567
2567
2567
2567
2567
2567
2567
2567
2567
2567
2567
2567
2567
2567
2567
2567
2567
2567
2567
2567
2567
2567
2567
2567
2567
2567
2567
2567
2567
2567
2567
2567
2567
2567
2567
2567
2567
2567
2567
2567
2567
2567
2567
2567
2567
2567
2567
2567
2567
2567
2567
2567
2567
2567
2567
2567
2567
2567
2567
2567
2567
2567
2567
2567
2567
2567
2567
2567
2567
2567
2567
2567
2567
2567
2567
2567
2567
2567
2567
2567
2567
2567
2567
2567
2567
2567
2567
2567
2567
2567
2567
2567
2567
2567
2567
2567
2567
2550
2550
2550
2550
2550
2550
2550
2550
2550
2550
2550
2550
2550
2550
2550
2550
2550
2550
2550
2550
2550
2550
2550
2550
2550
2550
2550
2550
2550
2550
2550
2550
2550
2550
2550
2550
2550
2550
2550
2550
2550
2550
2550
2550
2550
2550
2550
2550
2550
2550
2550
2550
2550
2550
2550
2550
Solucao: 
DisEdiCn r36 0 0
MecVibMn r36 0 1
ChiInd1Gv r36 0 2
TecMatCn r36 0 3
IdrNumAns r36 0 4
RivSpeCv r36 1 0
DisEdiCn r36 1 1
TerAppMv r36 1 2
TeoStr1Cv r36 1 3
SisTel1Ens r36 1 4
DisAssMv r36 2 0
EleTel1Ens r36 2 1
LabEle1Ar r36 2 2
LabEle1Ar r36 2 3
Mac1Mv r36 2 4
TerAppMv r36 3 0
ArcTecCns r36 3 1
LabEle1Ar r36 3 2
CalEle1Ev r36 3 3
MecCom1Cv r36 3 4
LabEle3Ar r36 4 0
RetCal2Gns r36 4 1
MecSuoAns r36 4 2
RivSpeCv r36 4 3
GeoAppAns r36 4 4
StaAns r37 0 0
Mat1En r37 0 1
PriIngAns r37 0 3
Idr2Cn r37 0 4
CamEleAn r37 1 0
FonInfAr r37 1 1
ConAutEn r37 1 2
StrIndAn r37 1 3
ArcComCv r37 1 4
CamEleAn r37 2 0
TeoStr1Cv r37 2 1
LabEle2Ar r37 2 2
LabEle3Ar r37 2 3
CosZonCv r37 2 4
RivSpeCv r37 3 0
IdrAppCv r37 3 1
LabEle3Ar r37 3 2
IdrAppCv r37 3 3
IdrAppCv r37 4 0
ChiGenAn r37 4 1
DisEdiCn r37 4 2
FluMn r37 4 3
CosZonCv r38 0 0
TecCosAn r38 0 1
MecCom1Cv r38 0 2
TerAppMv r38 0 3
TerAppMv r38 0 4
Mac1Mv r38 1 0
StoArcCv r38 1 1
DisAssMv r38 1 2
MecSuoAns r38 1 3
LabEle3Ar r38 2 0
StaPenAns r38 2 1
IdrNumAns r38 2 2
ChiInd1Gv r38 2 3
TecCosAn r38 2 4
EleIndEv r38 3 0
StrIndAn r38 3 1
StoArcCv r38 3 2
ArcComCv r38 3 3
TerAppG2n r38 3 4
StoArcCv r38 4 0
ConAutEn r38 4 1
MecVibMn r38 4 3
TeoRetEn r38 4 4
MetMatEn r31 0 0
LabEle1Ar r31 0 1
LabEle2Ar r31 0 2
LabEle1Ar r31 0 3
RivSpeCv r31 0 4
DisAssMv r31 1 0
MetMatEn r31 1 1
EleTel1Ens r31 1 2
ArcTecCn r31 1 3
MecSuoAns r31 1 4
CalAut1Cv r31 2 0
ChiInd1Gv r31 2 1
SisTel1Ens r31 2 3
CalProG2n r31 2 4
StaPenAns r31 3 0
DisAssMv r31 3 1
IdrAppCv r31 3 2
PriIngAns r31 3 3
FonChiAn r31 3 4
TeoRetEn r31 4 0
StrIndAn r31 4 1
CalAut1Cv r31 4 2
LabEle3Ar r31 4 3
TerAppG2n r27 0 0
RetLogEn r27 0 1
LabEle1Ar r27 0 2
TecCosAn r27 0 4
StaPenAns r27 1 0
RivSpeCv r27 1 1
IdrNumAns r27 1 2
ComMecMn r27 1 4
ComMecMn r27 2 0
DisCn r27 2 1
ImpTec1Cv r27 2 2
TerAppMv r27 2 3
TerAppG2n r27 2 4
DisAssMv r27 3 0
Mac1Mv r27 3 1
StoArcCv r27 3 3
EleSis1En r27 3 4
Idr2Cn r27 4 0
LabEle3Ar r27 4 1
FonChiAn r27 4 2
LabEle2Ar r27 4 3
LabEle1Ar r27 4 4
Mat1Mn rB 0 0
IdrAppCv rB 0 1
FonMecG2n rB 0 3
Mat1En rB 1 0
ChiGenAn rB 1 1
CosMacMn rB 1 2
CosMacMn rB 1 3
PriIngAns rB 1 4
DisIndMn rB 2 0
ArcTecCn rB 2 1
FonMecG2n rB 2 3
ChiStaEn rB 2 4
ArcTecCns rB 3 0
AppIndGns rB 3 1
TecMec1Mn rB 3 2
StaAns rB 3 4
FluMn rB 4 0
Mac1Mv rB 4 1
EleSis1En rB 4 2
LabEle2Ar rD 0 0
MecRazCn rD 0 1
RetCal1G1n rD 0 2
IngConAn rD 0 3
ConAutEn rD 0 4
MecRazCn rD 1 0
StaAns rD 1 1
DisCn rD 1 2
ChiStaEn rD 1 3
GesAziGv rD 1 4
Mat1G2n rD 2 0
ChiG2n rD 2 1
ArcTecCns rD 2 2
ComEleEn rD 2 3
GeoAn rD 2 4
FluMn rD 3 0
Mat1Cn rD 3 1
TeoRetEn rD 3 2
Mat1Ar rD 3 3
CosMacMn rD 3 4
LabEle2Ar rD 4 0
TecCos1Cv rD 4 1
IngConAn rD 4 2
DisComEsG2n rD 4 3
Mat1G2n rE 0 0
TecCos1Cv rE 0 1
LabEle3Ar rE 0 2
FonChiAn rE 0 3
GesAziGv rE 0 4
Mat1Mn rE 1 1
ChiG2n rE 1 2
EleIndEv rE 1 4
LabEle2Ar rE 2 0
Mat1Mn rE 2 1
GeoAn rE 2 2
Idr2Cn rE 2 3
ChiInd1Gv rE 3 0
SisTel1Ens rE 3 1
MecRazCn rE 3 2
MecVibMn rE 3 3
MecVibMn rE 3 4
Mat1En rE 4 0
ImpTec1Cv rE 4 2
Mac1Mv rE 4 3
GeoAppAns rF 0 1
ChiG2n rF 0 2
ArcComCv rF 0 3
CamEle1Ev rF 0 4
DisIndEsMn rF 1 0
RetCal1G1n rF 1 1
Mat1Ar rF 1 3
LabEle2Ar rF 1 4
Mat1Cn rF 2 0
ChiStaEn rF 2 1
DisIndMn rF 2 2
MecVibMn rF 2 3
GeoAppAns rF 2 4
Mat1En rF 3 0
FonMecG2n rF 3 1
ArcTecCn rF 3 4
TecMatCn rF 4 0
Mat1Mn rF 4 1
EleSis1En rF 4 4
Mat1G2n rG 0 1
RetLogEn rG 0 2
OrgPro1Gv rG 1 0
RetLogEn rG 1 1
CamEle1Ev rG 1 2
RetCal1G1n rG 1 3
EleIndEv rG 2 0
CalProG2n rG 3 0
ChiGenAn rG 3 1
FonInfAr rG 3 4
OrgPro1Gv rG 4 0
Mat1Cn rG 4 1
TecMatCn rG 4 2
DisCn rG 4 4
IngConAn rA 0 0
Mat1Mn rA 0 1
FonInfAr rA 0 4
Mat1Ar rA 1 0
Mat1Cn rA 1 1
MecCom1Cv rA 1 2
StoArcCv rA 1 4
TecCos1Cv rA 2 0
ImpTec1Cv rA 2 1
CamEle1Ev rA 2 2
Mat1G2n rA 3 0
Mat1En rA 3 1
TecMec1Mn rA 3 3
ComMecMn rA 4 0
ComEleEn rA 4 1
CalEle1Ev rA 4 2
CalAut1Cv rA 4 3
GesAziGv rL 0 0
RetCal2Gns rL 0 3
TecMec1Mn rL 1 1
GesAziGv rL 2 0
CosZonCv rL 2 1
ComEleEn rL 2 4
TeoStr1Cv rL 3 0
EleIndEv rL 3 1
Mat1Cn rL 4 0
GeoAn rL 4 3
EleIndEv r50 0 3
Mat1G2n r50 1 0
MetMatEn r50 1 3
RetCal2Gns r50 2 3
CalEle1Ev r50 4 3
CalProG2n rDS1 2 1
EleTel1Ens rDS1 2 2
 
Custo: 2550
